31
192456378
734928156
658731924
247695831
386147592
915283467
421369785
569874213
873512649

2
953267148
671584932
248913756
714692583
529738467
386451291
467325819
195876324
832149675

14
123456789
912345678
891234567
789123456
678912345
567891234
456789123
345678912
234567891

341
123456789
456312978
897234561
789123456
678942315
561897234
912784563
345678912
234567891

1111
827154396
965327148
341689752
593468271
472513689
618972435
786235914
154796823
239841567

1
246857913
189643275
573291486
418329567
637485129
952176348
764532891
321968754
895714632
